camera_matrix:
- - 1802.5427042149954
  - 0.0
  - -41.54955568674444
- - 0.0
  - 531.5529337175514
  - 77.86029207101397
- - 0.0
  - 0.0
  - 1.0
dist_coeff:
- - 22.221978380631683
  - 388.838506931737
  - 0.2578788189163543
  - -1.3274006118823507
  - -24839.218685556058
